## Multi-shell gradient directions with vectors scaled by sqrt(b / bMax)
##
## Shell Num Meas	b/bMax
## 4		0.000
## 48		1.000
##
[directions=52]
CoordinateSystem = xyz
Normalisation = none
Vector[0] = ( 0.000000,  0.000000,  0.000000 )
Vector[1] = ( 0.972301,  0.190059,  0.136042 )
Vector[2] = ( 0.024989,  -0.664715,  0.746679 )
Vector[3] = ( 0.219952,  -0.724843,  -0.652858 )
Vector[4] = ( -0.681686,  -0.065970,  0.728665 )
Vector[5] = ( 0.363088,  0.928226,  0.081020 )
Vector[6] = ( -0.537953,  0.008999,  -0.842927 )
Vector[7] = ( 0.706186,  -0.706186,  0.051013 )
Vector[8] = ( -0.052996,  0.186987,  0.980932 )
Vector[9] = ( 0.699078,  0.624069,  -0.349039 )
Vector[10] = ( -0.232975,  0.944899,  -0.229975 )
Vector[11] = ( 0.558016,  0.569017,  0.604018 )
Vector[12] = ( 0.915571,  -0.283867,  -0.284867 )
Vector[13] = ( 0.000000,  0.000000,  0.000000 )
Vector[14] = ( 0.721934,  -0.419961,  0.549949 )
Vector[15] = ( 0.367005,  0.414005,  -0.833011 )
Vector[16] = ( 0.130966,  -0.950751,  -0.280927 )
Vector[17] = ( -0.601231,  0.444170,  0.664255 )
Vector[18] = ( -0.776920,  -0.605938,  -0.170982 )
Vector[19] = ( 0.201080,  -0.281112,  0.938373 )
Vector[20] = ( 0.942064,  -0.246017,  0.228016 )
Vector[21] = ( 0.267984,  0.869948,  -0.413975 )
Vector[22] = ( 0.189022,  0.552064,  0.812094 )
Vector[23] = ( 0.911817,  0.202959,  -0.356928 )
Vector[24] = ( -0.434828,  0.690727,  -0.577772 )
Vector[25] = ( -0.566148,  0.756198,  0.328086 )
Vector[26] = ( 0.000000,  0.000000,  0.000000 )
Vector[27] = ( -0.798928,  -0.185983,  -0.571948 )
Vector[28] = ( 0.357028,  -0.006000,  -0.934074 )
Vector[29] = ( -0.248055,  -0.855191,  -0.455101 )
Vector[30] = ( 0.485982,  0.621976,  -0.613977 )
Vector[31] = ( -0.318977,  -0.227983,  -0.919933 )
Vector[32] = ( 0.053972,  0.994483,  -0.089953 )
Vector[33] = ( -0.882787,  0.466887,  0.051987 )
Vector[34] = ( -0.891777,  -0.439890,  0.105974 )
Vector[35] = ( 0.314122,  -0.418162,  -0.852331 )
Vector[36] = ( -0.464088,  0.410078,  -0.785149 )
Vector[37] = ( 0.427801,  -0.903580,  -0.022989 )
Vector[38] = ( 0.825349,  -0.139059,  -0.547231 )
Vector[39] = ( 0.000000,  0.000000,  0.000000 )
Vector[40] = ( 0.598865,  0.798820,  -0.056987 )
Vector[41] = ( -0.854247,  0.105030,  -0.509147 )
Vector[42] = ( 0.108037,  0.257088,  -0.960330 )
Vector[43] = ( 0.088047,  -0.858458,  0.505270 )
Vector[44] = ( 0.780165,  0.457096,  0.427090 )
Vector[45] = ( 0.056014,  0.766195,  0.640163 )
Vector[46] = ( -0.995392,  0.038015,  0.088035 )
Vector[47] = ( 0.618973,  -0.708970,  0.337985 )
Vector[48] = ( -0.700099,  -0.354050,  0.620088 )
Vector[49] = ( -0.725129,  0.544097,  0.422075 )
Vector[50] = ( 0.508023,  0.782036,  0.361016 )
Vector[51] = ( 0.188022,  -0.010001,  0.982114 )
