## Multi-shell gradient directions with vectors scaled by sqrt(b / bMax)
##
## Shell Num Meas	b/bMax
## 4		0.000
## 48		1.000
##
[directions=52]
CoordinateSystem = xyz
Normalisation = none
Vector[0] = ( 0.000000,  0.000000,  0.000000 )
Vector[1] = ( -0.900302,  0.079145,  0.428010 )
Vector[2] = ( -0.726183,  -0.538020,  -0.428010 )
Vector[3] = ( 0.913389,  0.376477,  0.154874 )
Vector[4] = ( 0.188308,  0.565148,  0.803211 )
Vector[5] = ( 0.103414,  -0.354087,  -0.929477 )
Vector[6] = ( 0.333389,  -0.942753,  0.008279 )
Vector[7] = ( 0.692523,  0.712545,  0.112654 )
Vector[8] = ( 0.684916,  -0.058848,  -0.726242 )
Vector[9] = ( 0.611951,  0.029447,  0.790347 )
Vector[10] = ( -0.372141,  0.046290,  0.927021 )
Vector[11] = ( 0.286024,  0.840328,  -0.460476 )
Vector[12] = ( -0.545125,  -0.295394,  0.784589 )
Vector[13] = ( 0.000000,  0.000000,  0.000000 )
Vector[14] = ( 0.974370,  -0.203717,  -0.095406 )
Vector[15] = ( -0.681627,  0.566802,  -0.462731 )
Vector[16] = ( -0.833467,  -0.189789,  -0.518954 )
Vector[17] = ( 0.170331,  -0.668514,  -0.723931 )
Vector[18] = ( 0.251530,  -0.886634,  -0.388089 )
Vector[19] = ( 0.096344,  0.851841,  0.514864 )
Vector[20] = ( 0.269231,  0.605852,  -0.748638 )
Vector[21] = ( -0.464602,  0.382792,  0.798508 )
Vector[22] = ( 0.972997,  0.174193,  -0.151437 )
Vector[23] = ( 0.975729,  0.001727,  0.218977 )
Vector[24] = ( -0.433122,  -0.708525,  -0.557133 )
Vector[25] = ( -0.290163,  -0.216666,  -0.932127 )
Vector[26] = ( 0.000000,  0.000000,  0.000000 )
Vector[27] = ( -0.287807,  -0.952924,  0.095406 )
Vector[28] = ( -0.671102,  0.730095,  -0.128781 )
Vector[29] = ( -0.374314,  0.629541,  -0.680858 )
Vector[30] = ( 0.756250,  -0.398574,  -0.518869 )
Vector[31] = ( -0.832060,  -0.513260,  0.210333 )
Vector[32] = ( 0.580721,  -0.782528,  -0.224529 )
Vector[33] = ( -0.394574,  -0.885895,  -0.243930 )
Vector[34] = ( 0.574960,  -0.334517,  0.746673 )
Vector[35] = ( 0.052557,  -0.793071,  0.606858 )
Vector[36] = ( -0.048811,  0.963948,  -0.261575 )
Vector[37] = ( -0.834780,  0.191764,  -0.516109 )
Vector[38] = ( 0.552354,  0.392401,  0.735477 )
Vector[39] = ( 0.000000,  0.000000,  0.000000 )
Vector[40] = ( 0.393069,  -0.841244,  0.371221 )
Vector[41] = ( -0.302647,  0.187492,  -0.934479 )
Vector[42] = ( 0.580868,  0.782419,  -0.224529 )
Vector[43] = ( -0.831553,  0.525224,  0.180717 )
Vector[44] = ( 0.812671,  0.275965,  -0.513234 )
Vector[45] = ( 0.098654,  -0.487438,  0.867567 )
Vector[46] = ( -0.596348,  -0.588589,  0.545832 )
Vector[47] = ( 0.015015,  0.988624,  0.149657 )
Vector[48] = ( -0.506653,  0.657956,  0.557133 )
Vector[49] = ( 0.891416,  -0.406151,  0.201047 )
Vector[50] = ( 0.200646,  0.295024,  -0.934185 )
Vector[51] = ( 0.000000,  0.000000,  1.000000 )
